Linux 6.5.0-35-generic (burcu-ABRA-A5-V15-8) 	14-06-2025 	_x86_64_	(12 CPU)

avg-cpu:  %user   %nice %system %iowait  %steal   %idle
          16,30    0,14    1,63    0,30    0,00   81,62

Device            r/s     rkB/s   rrqm/s  %rrqm r_await rareq-sz     w/s     wkB/s   wrqm/s  %wrqm w_await wareq-sz     d/s     dkB/s   drqm/s  %drqm d_await dareq-sz     f/s f_await  aqu-sz  %util
loop0            0,00      0,00     0,00   0,00    0,00     1,21    0,00      0,00     0,00   0,00    0,00     0,00    0,00      0,00     0,00   0,00    0,00     0,00    0,00    0,00    0,00   0,00
loop1            0,19      2,39     0,00   0,00    0,01    12,75    0,00      0,00     0,00   0,00    0,00     0,00    0,00      0,00     0,00   0,00    0,00     0,00    0,00    0,00    0,00   0,00
loop10           0,01      0,03     0,00   0,00    0,17     6,06    0,00      0,00     0,00   0,00    0,00     0,00    0,00      0,00     0,00   0,00    0,00     0,00    0,00    0,00    0,00   0,00
loop11           0,06      2,08     0,00   0,00    0,08    36,57    0,00      0,00     0,00   0,00    0,00     0,00    0,00      0,00     0,00   0,00    0,00     0,00    0,00    0,00    0,00   0,02
loop12           0,00      0,03     0,00   0,00    0,03     9,51    0,00      0,00     0,00   0,00    0,00     0,00    0,00      0,00     0,00   0,00    0,00     0,00    0,00    0,00    0,00   0,00
loop13           0,00      0,00     0,00   0,00    0,05     2,70    0,00      0,00     0,00   0,00    0,00     0,00    0,00      0,00     0,00   0,00    0,00     0,00    0,00    0,00    0,00   0,00
loop14           0,06      1,93     0,00   0,00    0,06    34,07    0,00      0,00     0,00   0,00    0,00     0,00    0,00      0,00     0,00   0,00    0,00     0,00    0,00    0,00    0,00   0,01
loop15           0,00      0,00     0,00   0,00    0,00     1,27    0,00      0,00     0,00   0,00    0,00     0,00    0,00      0,00     0,00   0,00    0,00     0,00    0,00    0,00    0,00   0,00
loop2            0,04      0,57     0,00   0,00    0,08    13,24    0,00      0,00     0,00   0,00    0,00     0,00    0,00      0,00     0,00   0,00    0,00     0,00    0,00    0,00    0,00   0,01
loop3            0,00      0,10     0,00   0,00    0,19    19,98    0,00      0,00     0,00   0,00    0,00     0,00    0,00      0,00     0,00   0,00    0,00     0,00    0,00    0,00    0,00   0,00
loop4            0,15      7,51     0,00   0,00    0,15    50,71    0,00      0,00     0,00   0,00    0,00     0,00    0,00      0,00     0,00   0,00    0,00     0,00    0,00    0,00    0,00   0,01
loop5            0,01      0,10     0,00   0,00    0,16    19,28    0,00      0,00     0,00   0,00    0,00     0,00    0,00      0,00     0,00   0,00    0,00     0,00    0,00    0,00    0,00   0,00
loop6            0,34      6,65     0,00   0,00    0,06    19,46    0,00      0,00     0,00   0,00    0,00     0,00    0,00      0,00     0,00   0,00    0,00     0,00    0,00    0,00    0,00   0,01
loop7            0,37      2,00     0,00   0,00    0,01     5,42    0,00      0,00     0,00   0,00    0,00     0,00    0,00      0,00     0,00   0,00    0,00     0,00    0,00    0,00    0,00   0,00
loop8            0,00      0,03     0,00   0,00    0,06     7,25    0,00      0,00     0,00   0,00    0,00     0,00    0,00      0,00     0,00   0,00    0,00     0,00    0,00    0,00    0,00   0,00
loop9            0,00      0,03     0,00   0,00    0,09     8,14    0,00      0,00     0,00   0,00    0,00     0,00    0,00      0,00     0,00   0,00    0,00     0,00    0,00    0,00    0,00   0,00
nvme0n1         62,45    735,10     1,50   2,34    0,10    11,77   64,33   1333,38    51,77  44,59    1,28    20,73    2,96   1858,47     0,00   0,00    0,97   628,65   11,91    0,98    0,10   5,14


avg-cpu:  %user   %nice %system %iowait  %steal   %idle
          10,20    0,92    0,84    0,17    0,00   87,88

Device            r/s     rkB/s   rrqm/s  %rrqm r_await rareq-sz     w/s     wkB/s   wrqm/s  %wrqm w_await wareq-sz     d/s     dkB/s   drqm/s  %drqm d_await dareq-sz     f/s f_await  aqu-sz  %util
loop0            0,00      0,00     0,00   0,00    0,00     0,00    0,00      0,00     0,00   0,00    0,00     0,00    0,00      0,00     0,00   0,00    0,00     0,00    0,00    0,00    0,00   0,00
loop1            0,00      0,00     0,00   0,00    0,00     0,00    0,00      0,00     0,00   0,00    0,00     0,00    0,00      0,00     0,00   0,00    0,00     0,00    0,00    0,00    0,00   0,00
loop10           0,00      0,00     0,00   0,00    0,00     0,00    0,00      0,00     0,00   0,00    0,00     0,00    0,00      0,00     0,00   0,00    0,00     0,00    0,00    0,00    0,00   0,00
loop11           0,00      0,00     0,00   0,00    0,00     0,00    0,00      0,00     0,00   0,00    0,00     0,00    0,00      0,00     0,00   0,00    0,00     0,00    0,00    0,00    0,00   0,00
loop12           0,00      0,00     0,00   0,00    0,00     0,00    0,00      0,00     0,00   0,00    0,00     0,00    0,00      0,00     0,00   0,00    0,00     0,00    0,00    0,00    0,00   0,00
loop13           0,00      0,00     0,00   0,00    0,00     0,00    0,00      0,00     0,00   0,00    0,00     0,00    0,00      0,00     0,00   0,00    0,00     0,00    0,00    0,00    0,00   0,00
loop14           0,00      0,00     0,00   0,00    0,00     0,00    0,00      0,00     0,00   0,00    0,00     0,00    0,00      0,00     0,00   0,00    0,00     0,00    0,00    0,00    0,00   0,00
loop15           0,00      0,00     0,00   0,00    0,00     0,00    0,00      0,00     0,00   0,00    0,00     0,00    0,00      0,00     0,00   0,00    0,00     0,00    0,00    0,00    0,00   0,00
loop2            0,00      0,00     0,00   0,00    0,00     0,00    0,00      0,00     0,00   0,00    0,00     0,00    0,00      0,00     0,00   0,00    0,00     0,00    0,00    0,00    0,00   0,00
loop3            0,00      0,00     0,00   0,00    0,00     0,00    0,00      0,00     0,00   0,00    0,00     0,00    0,00      0,00     0,00   0,00    0,00     0,00    0,00    0,00    0,00   0,00
loop4            0,00      0,00     0,00   0,00    0,00     0,00    0,00      0,00     0,00   0,00    0,00     0,00    0,00      0,00     0,00   0,00    0,00     0,00    0,00    0,00    0,00   0,00
loop5            0,00      0,00     0,00   0,00    0,00     0,00    0,00      0,00     0,00   0,00    0,00     0,00    0,00      0,00     0,00   0,00    0,00     0,00    0,00    0,00    0,00   0,00
loop6            0,00      0,00     0,00   0,00    0,00     0,00    0,00      0,00     0,00   0,00    0,00     0,00    0,00      0,00     0,00   0,00    0,00     0,00    0,00    0,00    0,00   0,00
loop7            0,00      0,00     0,00   0,00    0,00     0,00    0,00      0,00     0,00   0,00    0,00     0,00    0,00      0,00     0,00   0,00    0,00     0,00    0,00    0,00    0,00   0,00
loop8            0,00      0,00     0,00   0,00    0,00     0,00    0,00      0,00     0,00   0,00    0,00     0,00    0,00      0,00     0,00   0,00    0,00     0,00    0,00    0,00    0,00   0,00
loop9            0,00      0,00     0,00   0,00    0,00     0,00    0,00      0,00     0,00   0,00    0,00     0,00    0,00      0,00     0,00   0,00    0,00     0,00    0,00    0,00    0,00   0,00
nvme0n1          0,00      0,00     0,00   0,00    0,00     0,00   11,00    244,00    50,00  81,97    1,64    22,18    0,00      0,00     0,00   0,00    0,00     0,00    4,00    0,75    0,02   1,60


avg-cpu:  %user   %nice %system %iowait  %steal   %idle
          10,01    0,00    0,83    0,00    0,00   89,16

Device            r/s     rkB/s   rrqm/s  %rrqm r_await rareq-sz     w/s     wkB/s   wrqm/s  %wrqm w_await wareq-sz     d/s     dkB/s   drqm/s  %drqm d_await dareq-sz     f/s f_await  aqu-sz  %util
loop0            0,00      0,00     0,00   0,00    0,00     0,00    0,00      0,00     0,00   0,00    0,00     0,00    0,00      0,00     0,00   0,00    0,00     0,00    0,00    0,00    0,00   0,00
loop1            0,00      0,00     0,00   0,00    0,00     0,00    0,00      0,00     0,00   0,00    0,00     0,00    0,00      0,00     0,00   0,00    0,00     0,00    0,00    0,00    0,00   0,00
loop10           0,00      0,00     0,00   0,00    0,00     0,00    0,00      0,00     0,00   0,00    0,00     0,00    0,00      0,00     0,00   0,00    0,00     0,00    0,00    0,00    0,00   0,00
loop11           0,00      0,00     0,00   0,00    0,00     0,00    0,00      0,00     0,00   0,00    0,00     0,00    0,00      0,00     0,00   0,00    0,00     0,00    0,00    0,00    0,00   0,00
loop12           0,00      0,00     0,00   0,00    0,00     0,00    0,00      0,00     0,00   0,00    0,00     0,00    0,00      0,00     0,00   0,00    0,00     0,00    0,00    0,00    0,00   0,00
loop13           0,00      0,00     0,00   0,00    0,00     0,00    0,00      0,00     0,00   0,00    0,00     0,00    0,00      0,00     0,00   0,00    0,00     0,00    0,00    0,00    0,00   0,00
loop14           0,00      0,00     0,00   0,00    0,00     0,00    0,00      0,00     0,00   0,00    0,00     0,00    0,00      0,00     0,00   0,00    0,00     0,00    0,00    0,00    0,00   0,00
loop15           0,00      0,00     0,00   0,00    0,00     0,00    0,00      0,00     0,00   0,00    0,00     0,00    0,00      0,00     0,00   0,00    0,00     0,00    0,00    0,00    0,00   0,00
loop2            0,00      0,00     0,00   0,00    0,00     0,00    0,00      0,00     0,00   0,00    0,00     0,00    0,00      0,00     0,00   0,00    0,00     0,00    0,00    0,00    0,00   0,00
loop3            0,00      0,00     0,00   0,00    0,00     0,00    0,00      0,00     0,00   0,00    0,00     0,00    0,00      0,00     0,00   0,00    0,00     0,00    0,00    0,00    0,00   0,00
loop4            0,00      0,00     0,00   0,00    0,00     0,00    0,00      0,00     0,00   0,00    0,00     0,00    0,00      0,00     0,00   0,00    0,00     0,00    0,00    0,00    0,00   0,00
loop5            0,00      0,00     0,00   0,00    0,00     0,00    0,00      0,00     0,00   0,00    0,00     0,00    0,00      0,00     0,00   0,00    0,00     0,00    0,00    0,00    0,00   0,00
loop6            0,00      0,00     0,00   0,00    0,00     0,00    0,00      0,00     0,00   0,00    0,00     0,00    0,00      0,00     0,00   0,00    0,00     0,00    0,00    0,00    0,00   0,00
loop7            0,00      0,00     0,00   0,00    0,00     0,00    0,00      0,00     0,00   0,00    0,00     0,00    0,00      0,00     0,00   0,00    0,00     0,00    0,00    0,00    0,00   0,00
loop8            0,00      0,00     0,00   0,00    0,00     0,00    0,00      0,00     0,00   0,00    0,00     0,00    0,00      0,00     0,00   0,00    0,00     0,00    0,00    0,00    0,00   0,00
loop9            0,00      0,00     0,00   0,00    0,00     0,00    0,00      0,00     0,00   0,00    0,00     0,00    0,00      0,00     0,00   0,00    0,00     0,00    0,00    0,00    0,00   0,00
nvme0n1          0,00      0,00     0,00   0,00    0,00     0,00    0,00      0,00     0,00   0,00    0,00     0,00    0,00      0,00     0,00   0,00    0,00     0,00    0,00    0,00    0,00   0,00


